2098 -114
2200 -108
2295 -102
2384.11 -89.0497
2479.11 -73.0498
2574.11 -57.0498
2655.12 -35.3089
2737.78 -15.4802
2829.24 9.99427
2909.62 36.9843
2993.11 63.5513
3068.72 91.7386
3219.37 271.636
3272.96 126.179
3281.64 211.247
3345.97 258.928
3421.87 284.629
3453.84 358.801
3545.34 371.644
3567.98 466.175
3647.52 494.48
3691.69 576.166
3747.79 638.144
3819.08 681.384
3795.34 759.563
3857.57 814.16
3878.74 892.857
3914.44 967.242
3917.43 1048.29
3942.95 1127.15
3960.51 1206.12
3952.55 1294.28
3951.54 1378.08
3935.54 1458.08
3911.01 1545.25
3898.05 1627.29
3863.15 1701.54
3828.27 1775.11
3781.27 1842.91
3729.13 1924.52
3677.98 1997.76
3608.98 2060.76
3557.17 2136.78
3482.94 2199.48
3407.7 2251.95
3326.17 2314.35
3235.13 2359.55
3164.41 2399.89
3081.69 2434.8
2973.77 2481.92
2874.68 2517.62
2764.76 2543.43
2662.43 2576.67
2574.86 2604.67
2481.6 2622.57
2392.6 2637.57
2298.6 2642.57
2187.73 2642.51
2088.23 2645.5
1994.4 2645.37
1883.23 2645.34
1792.27 2631.8
1707.03 2615.39
1602.58 2606.82
1521.98 2593.78
1441.16 2574.08
1360.34 2550.76
1283.28 2517.5
1201.11 2486.61
1099.72 2442.9
1002.71 2414.9
911.166 2369.17
815.166 2313.17
734.891 2251.99
666.421 2190.71
595.479 2132.82
527.089 2072.63
444.223 1989.53
380.659 1909.39
345.199 1825.45
298.611 1740.51
265.407 1656.15
245.673 1574.52
204.719 1486.48
177.115 1397.17
175.063 1305.16
168.712 1207.28
190.565 1114.72
200.628 1019.91
246.885 932.567
274.83 831.642
321.756 747.36
378.436 656.881
432.178 584.088
498.342 517.374
567.901 445.153
630.701 380.413
704.611 325.822
774.501 271.34
856.015 222.325
923.142 175.969
999.468 134.913
1089.67 93.5668
1187.59 52.9222
1270.02 20.7045
1356.54 1.76241
1434.55 -25.2057
1512.49 -44.3191
1591.66 -59.9013
1668.92 -80.8192
1746.67 -102.196
1827.57 -100.483
1909.22 -108.853
2001.28 -112.186
2076.58 318.864
2168.58 329.864
2256.58 336.864
2362.74 426.799
2507.28 451.919
2753.5 462.818
2591.25 469.469
2671.92 477.96
2782.37 537.43
2851.1 484.733
2914.66 534.735
2995.01 583.007
3063.19 629.531
3134.94 671.262
3196.42 722.985
3271.04 772.996
3314.28 846.056
3350.3 917.513
3322.81 1144.85
3366.94 1379.63
3870.46 1366.05
3556.55 1382.66
3434.09 1336.16
3486.74 1422.98
3456.37 1496.99
3410.57 1562.59
3350.41 1629.27
3313.45 1718.07
3247.22 1784.66
3179.21 1856.66
3118.14 1913.87
3038.43 1953.94
2951.13 1997.9
2850.34 2039.32
2763.88 2082.94
2663.04 2119.46
2559.87 2155.14
2449.79 2176.92
2351.73 2205.57
2268.64 2222.56
2174.1 2230.09
2061.81 2242.56
1954.89 2233.48
1844.33 2224.69
1744.5 2203.6
1659.47 2180.5
1501.55 1941.48
1445.11 2118.49
1373.27 2083.29
1299.46 2050.05
1217.68 2017.05
1144.92 1979.48
1063.96 1932.32
971.045 1878.74
879.512 1800.13
825.975 1739.55
779.867 1669.06
738.549 1597.18
709.773 1522.43
651.737 1466.41
626.387 1388.66
611.164 1309.72
613.323 1228.31
633.996 1135.96
664.209 1044.41
699.083 968.334
740.834 892.543
788.437 820.379
852.446 743.366
919.924 692.68
996.156 640.287
1059.69 590.077
1135.97 542.244
1205.87 501.12
1281.46 464.337
1383.46 440.337
1462.46 407.337
1552.46 364.337
1642 352.395
1730.01 345.393
1816.07 333.122
1903.07 312.122
1989.73 313.747