2098 -114
2200 -108
2295 -102
2384.11 -89.0497
2479.11 -73.0498
2574.11 -57.0498
2655.12 -35.3089
2737.78 -15.4802
2833.78 11.5198
2917.78 39.5198
3000.9 67.851
3073.9 103.851
3135.15 143.031
3201.14 170.215
3268.72 211.573
3343.6 255.249
3410.2 299.023
3471.23 349.655
3534.53 403.223
3587.68 457.672
3643.98 515.985
3684.31 560.273
3735.16 616.829
3783.34 675.646
3809.34 750.645
3847.34 814.645
3879.72 890.964
3908.47 969.911
3920.52 1044.03
3939.73 1120
3957.33 1202.58
3953.33 1285.58
3951.54 1378.08
3935.54 1458.08
3910.53 1548.27
3898.53 1624.27
3863.15 1701.54
3828.27 1775.11
3781.27 1842.91
3729.13 1924.52
3677.98 1997.76
3608.98 2060.76
3557.17 2136.78
3482.94 2199.48
3407.7 2251.95
3326.17 2314.35
3235.13 2359.55
3164.41 2399.89
3081.69 2434.8
2973.77 2481.92
2874.68 2517.62
2764.76 2543.43
2662.43 2576.67
2574.86 2604.67
2481.6 2622.57
2392.6 2637.57
2298.6 2642.57
2187.73 2642.51
2088.23 2645.5
1994.4 2645.37
1883.23 2645.34
1792.27 2631.8
1707.03 2615.39
1600.95 2606.56
1518.91 2592.91
1445.85 2575.22
1360.34 2550.76
1283.28 2517.5
1201.11 2486.61
1099.72 2442.9
1002.71 2414.9
911.166 2369.17
815.166 2313.17
734.891 2251.99
666.421 2190.71
595.479 2132.82
527.089 2072.63
444.223 1989.53
380.659 1909.39
345.199 1825.45
298.611 1740.51
265.407 1656.15
245.673 1574.52
204.719 1486.48
177.115 1397.17
175.063 1305.16
168.712 1207.28
190.565 1114.72
200.628 1019.91
246.885 932.567
274.83 831.642
321.756 747.36
378.436 656.881
432.178 584.088
498.342 517.374
567.901 445.153
630.701 380.413
704.611 325.822
774.501 271.34
856.015 222.325
923.142 175.969
999.468 134.913
1089.67 93.5668
1187.59 52.9222
1270.02 20.7045
1361.33 0.120422
1435.6 -25.0189
1508.28 -43.186
1592.28 -60.186
1670.28 -81.186
1752.28 -101.186
1825.28 -101.186
1902.28 -108.186
2001.28 -112.186
2076.58 318.864
2168.58 329.864
2256.58 336.864
2345.71 356.766
2424.71 372.768
2513.53 379.993
2598.41 408.602
2675.52 430.903
2754.52 463.903
2839.96 489.025
2902.45 526.759
2999.59 586.113
3066.17 630.89
3129.92 668.903
3193.88 720.879
3275.19 780.053
3314.28 847.15
3346.94 911.09
3383.95 990.091
3421.65 1063.91
3472.65 1118.91
3481.88 1206.88
3478.88 1297.89
3481.18 1378.65
3462.18 1481.65
3412.7 1559.45
3350.41 1629.27
3313.45 1718.07
3247.22 1784.66
3179.21 1856.66
3118.14 1913.87
3038.43 1953.94
2951.13 1997.9
2850.34 2039.32
2763.88 2082.94
2663.04 2119.46
2559.87 2155.14
2449.79 2176.92
2351.73 2205.57
2268.64 2222.56
2174.1 2230.09
2061.81 2242.56
1954.89 2233.48
1844.33 2224.69
1744.5 2203.6
1659.47 2180.5
1575.78 2153.48
1480.84 2116.69
1379.5 2085.92
1299.46 2050.05
1217.68 2017.05
1144.92 1979.48
1063.96 1932.32
971.045 1878.74
879.512 1800.13
818.741 1728.33
777.081 1662.54
739.688 1595.14
703.423 1524.18
657.643 1460.04
631.97 1396.02
614.945 1325.31
613.285 1229.75
633.996 1135.96
664.209 1044.41
699.083 968.334
740.834 892.543
788.437 820.379
852.446 743.366
919.924 692.68
996.922 639.682
1058.92 590.682
1136.92 541.682
1204.92 501.682
1281.46 464.337
1383.46 440.337
1462.46 407.337
1552.46 364.337
1642 352.395
1730.01 345.393
1816.07 333.122
1903.07 312.122
1989.73 313.747

